//Parameters for the coalescence simulation program : fastsimcoal.exe
16 samples to simulate :
//Population effective sizes (number of genes)
2000
2000
2000
2000
2000
2000
2000
2000
2000
2000
2000
2000
2000
2000
2000
2000
//Samples sizes and samples age 
200
200
200
200
200
200
200
200
200
200
200
200
200
200
200
200
//Growth rates	: negative growth implies population expansion
0
0
0
0
0
0
0
0
0
0
0
0
0
0
0
0
//Number of migration matrices : 0 implies no migration between demes
1
//Migration matrix
0	6.67E-05	6.67E-05	6.67E-05	6.67E-05	6.67E-05	6.67E-05	6.67E-05	6.67E-05	6.67E-05	6.67E-05	6.67E-05	6.67E-05	6.67E-05	6.67E-05	6.67E-05
6.67E-05	0	6.67E-05	6.67E-05	6.67E-05	6.67E-05	6.67E-05	6.67E-05	6.67E-05	6.67E-05	6.67E-05	6.67E-05	6.67E-05	6.67E-05	6.67E-05	6.67E-05
6.67E-05	6.67E-05	0	6.67E-05	6.67E-05	6.67E-05	6.67E-05	6.67E-05	6.67E-05	6.67E-05	6.67E-05	6.67E-05	6.67E-05	6.67E-05	6.67E-05	6.67E-05
6.67E-05	6.67E-05	6.67E-05	0	6.67E-05	6.67E-05	6.67E-05	6.67E-05	6.67E-05	6.67E-05	6.67E-05	6.67E-05	6.67E-05	6.67E-05	6.67E-05	6.67E-05
6.67E-05	6.67E-05	6.67E-05	6.67E-05	0	6.67E-05	6.67E-05	6.67E-05	6.67E-05	6.67E-05	6.67E-05	6.67E-05	6.67E-05	6.67E-05	6.67E-05	6.67E-05
6.67E-05	6.67E-05	6.67E-05	6.67E-05	6.67E-05	0	6.67E-05	6.67E-05	6.67E-05	6.67E-05	6.67E-05	6.67E-05	6.67E-05	6.67E-05	6.67E-05	6.67E-05
6.67E-05	6.67E-05	6.67E-05	6.67E-05	6.67E-05	6.67E-05	0	6.67E-05	6.67E-05	6.67E-05	6.67E-05	6.67E-05	6.67E-05	6.67E-05	6.67E-05	6.67E-05
6.67E-05	6.67E-05	6.67E-05	6.67E-05	6.67E-05	6.67E-05	6.67E-05	0	6.67E-05	6.67E-05	6.67E-05	6.67E-05	6.67E-05	6.67E-05	6.67E-05	6.67E-05
6.67E-05	6.67E-05	6.67E-05	6.67E-05	6.67E-05	6.67E-05	6.67E-05	6.67E-05	0	6.67E-05	6.67E-05	6.67E-05	6.67E-05	6.67E-05	6.67E-05	6.67E-05
6.67E-05	6.67E-05	6.67E-05	6.67E-05	6.67E-05	6.67E-05	6.67E-05	6.67E-05	6.67E-05	0	6.67E-05	6.67E-05	6.67E-05	6.67E-05	6.67E-05	6.67E-05
6.67E-05	6.67E-05	6.67E-05	6.67E-05	6.67E-05	6.67E-05	6.67E-05	6.67E-05	6.67E-05	6.67E-05	0	6.67E-05	6.67E-05	6.67E-05	6.67E-05	6.67E-05
6.67E-05	6.67E-05	6.67E-05	6.67E-05	6.67E-05	6.67E-05	6.67E-05	6.67E-05	6.67E-05	6.67E-05	6.67E-05	0	6.67E-05	6.67E-05	6.67E-05	6.67E-05
6.67E-05	6.67E-05	6.67E-05	6.67E-05	6.67E-05	6.67E-05	6.67E-05	6.67E-05	6.67E-05	6.67E-05	6.67E-05	6.67E-05	0	6.67E-05	6.67E-05	6.67E-05
6.67E-05	6.67E-05	6.67E-05	6.67E-05	6.67E-05	6.67E-05	6.67E-05	6.67E-05	6.67E-05	6.67E-05	6.67E-05	6.67E-05	6.67E-05	0	6.67E-05	6.67E-05
6.67E-05	6.67E-05	6.67E-05	6.67E-05	6.67E-05	6.67E-05	6.67E-05	6.67E-05	6.67E-05	6.67E-05	6.67E-05	6.67E-05	6.67E-05	6.67E-05	0	6.67E-05
6.67E-05	6.67E-05	6.67E-05	6.67E-05	6.67E-05	6.67E-05	6.67E-05	6.67E-05	6.67E-05	6.67E-05	6.67E-05	6.67E-05	6.67E-05	6.67E-05	6.67E-05	0
//historical event: time, source, sink, migrants, new deme size, new growth rate, migration matrix index
0 historical event
//Number of independent loci [chromosome] 
44 0
//Per chromosome: Number of contiguous linkage block
1
//per Block: data type, num loci, rec. rate and mut rate + optional parameters
DNA 100000 1e-8 1e-8 0 
